0.006133635839409547
30299.6893349841
147096511055.346
0.00613357421354912
30299.539227277965
147097255135.44232
0.006133448421565754
30299.23335738052
147098768688.1757
0.006133258252924748
30298.77120488633
147101054307.70425
0.006133003520371894
30298.15230097646
147104114345.83182
0.006132684060204432
30297.37622903546
147107950909.0619
0.0061322997325294875
30296.442625246902
147112565855.74008
0.006131850421509804
30295.351179166464
147117960793.28546
0.006131336035596564
30294.101634272305
147124137075.5119
0.006130756507748927
30292.693788491924
147131095800.04355
0.006130111795639882
30291.127494705193
147138837805.82715
0.00612940188184838
30289.40266122283
147147363670.74194
0.006128626774037315
30287.51925223988
147156673709.3104
0.006127786505117221
30285.47728826384
147166767970.51132
0.00612688113339534
30283.276846516674
147177646235.6989
0.006125910742710062
30280.918061310487
147189308016.6269
0.006124875442550232
30278.40112439651
147201752553.5842
0.006123775368159462
30275.726285286626
147214978813.63904
0.006122610680625111
30272.893851547495
147228985488.99704
0.006121381566951776
30269.904189066507
147243770995.47424
0.006120088240119374
30266.757722289563
147259333471.08426
0.006118730939125368
30263.454934430305
147275670774.74582
0.0061173099290113084
30259.99636765019
147292780485.10846
0.006115825500873588
30256.382623209614
147310659899.49872
0.006114277971858271
30252.61436158956
147329306032.98917
0.006112667685139955
30248.692302583524
147348715617.59097
0.0061109950098847225
30244.61722535991
147368885101.57092
0.006109260341197177
30240.389968494066
147389810648.89468
0.006107464100051474
30236.011429970644
147411488138.7966
0.006105606733206546
30231.482567155457
147433913165.47763
0.006103688713105364
30226.804396737196
147457081037.93237
0.006101710537758599
30221.97799463881
147480986779.90466
0.006099672730612453
30217.00449589852
147505625129.9742
0.006097575840401
30211.885094520458
147530990541.77396
0.006095420440983043
30206.621043294996
147557077184.33832
0.006093207131163729
30201.213653588868
147583878942.58353
0.0060909365345009625
30195.66429510503
147611389417.9194
0.006088609299096879
30189.974395612564
147639601928.99408
0.006086226097374544
30184.14544064651
147668509512.57092
0.006083787625840114
30178.17897317804
147698104924.53705
0.0060812946048306345
30172.07659325486
147728380641.04514
0.006078747778247762
30165.839957612567
147759328859.78693
0.006076147913277635
30159.47077925656
147790941501.39896
0.006073495800097204
30152.97082701516
147823210210.99936
0.006070792251567297
30146.34192506422
147856126359.8557
0.006068038102912633
30139.585952423444
147889681047.1847
0.006065234211389215
30132.70484242457
147923865102.08075
0.006062381455939417
30125.700582152225
147958669085.5738
0.006059480736834963
30118.575211857264
147994083292.81656
0.0060565329753083175
30111.330824343626
148030097755.39905
0.006053539113172751
30103.96956432846
148066702243.7897
0.0060505001124314395
30096.493627776414
148103886269.90253
0.006047416954876022
30088.90526120841
148141639089.78873
0.006044290641675025
30081.206760985282
148179949706.45172
0.006041122192952394
30073.40047256697
148218806872.78473
0.006037912647356729
30065.488789747596
148258199094.6287
0.006034663061621512
30057.47415386683
148298114633.9504
0.006031374510116752
30049.35905299866
148338541512.1378
0.0060280480843925175
30041.146021117267
148379467513.4123
0.006024684892714681
30032.837637241264
148420880188.3561
0.006021286059593434
30024.436524556495
148462766857.5521
0.006017852725304867
30015.945349518148
148505114615.33575
0.0060143860454061025
30007.366820932766
148547910333.6568
0.006010887190244479
29998.70368902066
148591140666.0484
0.006007357344461064
29989.95874445924
148634792051.70258
0.0060037977064891
29981.13481740838
148678850719.6495
0.006000209488047657
29972.23477651775
148723302693.0392
0.005996593913631052
29963.26152791745
148768133793.52298
0.005992952219994374
29954.218014191658
148813329645.73294
0.0059892856556356
29945.10721333727
148858875681.85745
0.0059855954802746905
29935.932137706597
148904757146.31012
0.005981882964330105
29926.695832936195
148950959100.49026
0.005978149388393034
29917.401376861453
148997466427.6339
0.005974396042700072
29908.051878418133
149044263837.74936
0.0059706242266042665
29898.650476531282
149091335872.6407
0.005966835248045403
29889.200338992236
149138666911.0115
0.005963030423019573
29879.704661324333
149186241173.6499
0.005959211075048604
29870.166665637953
149234042728.6913
0.005955378534649648
29860.589599475516
149282055496.95688
0.00595153413880525
29850.97673464711
149330263257.3653
0.00594767923043443
29841.33136605734
149378649652.41507
0.0059438151578648955
29831.656810523935
149427198193.73575
0.00593994327430683
29821.95640558894
149475892267.70602
0.005936064937328713
29812.23350832276
149524715141.13342
0.005932181508335184
29802.491494121936
149573649966.99863
0.005928294352047575
29792.73375550115
149622679790.25586
0.0059244048359872155
29782.963700880005
149671787553.692
0.005920514329961782
29773.184753364923
149720956103.83975
0.005916624205555164
29763.400349527332
149770168196.9417
0.005912735835620829
29753.61393817787
149819406504.96582
0.0059088505937791615
29743.828979137827
149868653621.667
0.005904969853918867
29734.048942008027
149917892068.69437
0.005901094989702828
29724.27730493542
149967104301.74075
0.005897227374078287
29714.517553378493
150016272716.73434
0.005893368378792055
29704.773178871354
150065379656.0665
0.0058895193739105026
29695.04767778726
150114407414.8567
0.005885681727344673
29685.344550102163
150163338247.25153
0.005881856804380662
29675.667298158256
150212154372.75543
0.005878045967215463
29666.01942542841
150260837982.5903
0.005874250574498342
29656.404435281718
150309371246.08286
0.005870471980877806
29646.825829750353
150357736317.07782
0.005866711536554452
29637.28710829847
150405915340.37408
0.005862970586839638
29627.79176659322
150453890458.18137
0.005859250471720108
29618.34329527842
150501643816.5974
0.005855552525428623
29608.94517875109
150549157572.1016
0.005851878076020736
29599.60089394115
150596413898.0639
0.005848228444957575
29590.313909094606
150643394991.26807
0.005844604946694923
29581.087682560774
150690083078.44485
0.005841008888278356
29571.925661583206
150736460422.81668
0.005837441568944587
29562.831281095117
150782509330.6496
0.005833904279729106
29553.80796251949
150828212157.81003
0.005830398303079812
29544.85911257372
150873551316.32825
0.00582692491247692
29535.988122079394
150918509280.96295
0.005823485372058908
29527.19836477723
150963068595.7673
0.0058200809362545436
29518.493196147334
151007211880.65475
0.0058167128494208955
29509.875952235085
151050921837.9621
0.005813382345487334
29501.3499484826
151094181259.00894
0.0058100906476052944
29492.91847856613
151136973030.65228
0.005806838967803891
29484.584813239402
151179280141.83386
0.005803628506651178
29476.352199182875
151221085690.1192
0.005800460452920962
29468.22385785943
151262372888.22733
0.005797335983265091
29460.20298437616
151303125070.5492
0.005794256261891074
29452.292746352534
151343325699.6534
0.005791222440244901
29444.496282794997
151382958372.77856
0.005788235656698938
29436.816702978093
151422006828.31003
0.005785297036244741
29429.25708533201
151460454952.2402
0.005782407690190618
29421.820476336787
151498286784.61197
0.005779568715863888
29414.50988942311
151535486525.94138
0.005776781196317471
29407.328303879563
151572038543.62216
0.005774046200040911
29400.278663766876
151607927378.30685
0.005771364780675341
29393.363876838306
151643137750.2672
0.005768737976732523
29386.58681346718
151677654565.7292
0.0057661668113175805
29379.95030558059
151711462923.1839
0.00576365229185525
29373.45714560002
151744548119.6723
0.00576119540981958
29367.110085388507
151776895657.04257
0.005758797140466747
29360.91183520421
151808491248.1791
0.005756458442570856
29354.8650626607
151839320823.20233
0.0057541802581625315
29348.97239169373
151869370535.63754
0.005751963512270085
29343.236401534417
151898626768.55255
0.005749809112663031
29337.65962568884
151927076140.66202
0.005747717949597759
29332.244550924155
151954705512.3987
0.005745690895565188
29326.993616261003
151981501991.9492
0.005743728805040153
29321.909211972146
152007452941.25348
0.005741832514232345
29316.99367858764
152032545981.968
0.0057400028408385526
29312.249305905887
152056769001.38998
0.005738240583796062
29307.678332011237
152080110158.34235
0.005736546523036987
29303.282942297472
152102557889.01834
0.005734921419243251
29299.065268497667
152124100912.78436
0.00573336601360214
29295.02738771996
152144728237.94016
0.005731881027562155
29291.171321489568
152164429167.4349
0.005730467162589031
29287.499034796685
152183193304.53696
0.005729125099921542
29284.012435150646
152201010558.45938
0.005727855500327153
29280.71337163999
152217871149.9362
0.005726659003857194
29277.603633998457
152233765616.7495
0.0057255362296014
29274.684951677416
152248684819.20685
0.0057244877754415524
29271.958992923974
152262619945.5671
0.005723514217804274
29269.427363865354
152275562517.41223
0.005722616111412542
29267.09160759939
152287504394.96567
0.005721793989035952
29264.953203291203
152298437782.3542
0.005721048361239476
29263.013565276102
152308355232.8121
0.005720379716130666
29261.274042168767
152317249653.82645
0.005719788519104975
29259.73591597893
152325114312.22226
0.005719275212589333
29258.400401233423
152331942839.18427
0.005718840215783624
29257.268644104948
152337729235.2154
0.005718483924400061
29256.341721547444
152342467875.0288
0.005718206710400331
29255.62064043846
152346153512.37292
0.005718008921730365
29255.106336728546
152348781284.78702
0.00571789088205281
29254.79967459778
152350346718.28372
0.005717852890476908
29254.701445619838
152350845731.95984
0.005717895221285841
29254.812367933613
152350274642.53104
0.0057180181236615255
29255.133085422705
152348630168.78772
0.005718221821406765
29255.66416690311
152345909435.97195
0.005718506512664689
29256.40610531922
152342109980.07144
0.005718872369635514
29257.359316948685
152337229752.02972
0.005719319538290696
29258.52414061603
152331267121.8679
0.005719848138084375
29259.900836915993
152324220882.71698
0.005720458261662212
29261.48958744638
152316090254.75845
0.0057211499745676
29263.290494051133
152306874889.0691
0.005721923314945409
29265.303578073996
152296574871.3681
0.005722778293243252
29267.52877962313
152285190725.66376
0.005723714891910425
29269.965956847336
152272723417.7955
0.005724733065094563
29272.61488522415
152259174358.87073
0.005725832738336275
29275.47525686056
152244545408.5895
0.005727013808261804
29278.546679806757
152228838878.45737
0.005728276142273831
29281.8286773836
152212057534.88156
0.005729619578240736
29285.320687524443
152194204602.1473
0.005731043924184505
29289.02206213166
152175283765.26947
0.005732548957967417
29292.932066449124
152155299172.71832
0.005734134426977885
29297.04987845096
152134255439.0134
0.005735800047815603
29301.37458824718
152112157647.18344
0.005737545505976362
29305.90519750741
152089011351.08777
0.005739370455536987
29310.640618903235
152064822577.5927
0.005741274518840355
29315.57967557007
152039597828.60492
0.005743257286181293
29320.721100589457
152013344082.9509
0.005745318315493503
29326.063536492642
151986068798.10184
0.005747457132037917
29331.60553478645
151957779911.73975
0.005749673228093083
29337.345555502365
151928485843.1581
0.005751966062647863
29343.281966769973
151898195494.49432
0.005754335061097111
29349.41304441565
151866918251.78876
0.005756779614940625
29355.736971587463
151834663985.86563
0.005759299081486179
29362.251838408116
151801443053.03064
0.005761892783557026
29368.9556416558
151767266295.58047
0.005764560009204472
29375.846284475625
151732145042.11993
0.005767300011426283
29382.921576121615
151696091107.68045
0.00577011200789139
29390.17923173119
151659116793.63577
0.005772995180671752
29397.616872133305
151621234887.409
0.005775948675981931
29405.232023691504
151582458661.96643
0.0057789716039272606
29413.022118183115
151542801875.09128
0.005782063038261205
29420.984492716114
151502278768.43442
0.005785222016152855
29429.116389685245
151460904066.33423
0.005788447537965265
29437.414956768327
151418692974.40173
0.005791738567045572
29445.8772469647
151375661177.86414
0.005795094029527646
29454.500218677054
151331824839.66306
0.005798512814148285
29463.280735838187
151287200598.29977
0.005801993772077818
29472.21556808429
151241805565.4237
0.005805535716766068
29481.301390976154
151195657323.1571
0.005809137423804665
29490.53478627026
151148773921.15152
0.005812797630806632
29499.912242240753
151101173873.3702
0.005816515037304441
29509.43015405448
151052876154.58963
0.005820288304667352
29519.084824200367
151003900196.6168
0.005824116056039246
29528.872462974963
150954265884.215
0.005827996876297981
29538.789189025578
150903993550.7339
0.005831929312037407
29548.831029952926
150853103973.43683
0.005835911871573108
29558.993922974783
150801618368.52255
0.005839943024972966
29569.2737156522
150749558385.83408
0.005844021204113858
29579.666166680232
150696946103.25015
0.0058481448027654205
29590.166946744568
150643804020.75485
0.005852312176702265
29600.771639445713
150590155054.17944
0.005856521643845564
29611.475742292394
150536022528.61334
0.005860771484435514
29622.274667765992
150481430171.477
0.0058650599412355085
29633.16374445706
150426402105.2558
0.005869385219769468
29644.13821827608
150370962839.88742
0.005873745488593372
29655.193253739606
150315137264.8005
0.005878138879602178
29666.323935333345
150258950640.60107
0.005882563488373489
29677.525268953734
150202428590.3998
0.005887017374548703
29688.792183429236
150145597090.7829
0.005891498562253261
29700.119532123015
150088482462.41754
0.005896005040556797
29711.502094617936
150031111360.29218
0.005900534763974457
29722.93457848537
149973510763.58853
0.005905085653010415
29734.411621138835
149915707965.1831
0.005909655594744574
29745.927791773895
149857730560.77643
0.00591424244346368
29757.477593394757
149799606437.64783
0.005918844021337546
29769.05546492926
149741363763.03613
0.005923458119141534
29780.65578343238
149683030972.14444
0.005928082497026194
29792.2728663796
149624636755.7682
0.005932714885334878
29803.9009740506
149566210047.5465
0.0059373529854699755
29815.53431200376
149507780010.84094
0.005941994470808828
29827.167033641945
149449376025.23605
0.0059466369876696795
29838.793242870197
149391027672.67014
0.0059512781563285525
29850.40699684511
149332764723.1925
0.005955915572087415
29862.00230881627
149274617120.35306
0.005960546806394186
29873.573151059685
149216614966.2262
0.005965169408014946
29885.11345790293
149158788506.07217
0.005969780904258644
29896.61712884179
149101168112.64108
0.005974378802254598
29908.07803174783
149043784270.12228
0.005978960590282832
29919.4900061662
148986667557.74646
0.0059835237391572555
29930.84686670315
148929848633.0454
0.005988065703661732
29942.14240650186
148873358214.7748
0.005992583924038783
29953.370400805947
148817227065.5093
0.005997075827530476
29964.524610608794
148761485973.9166
0.006001538829971569
29975.59878638788
148706165736.7167
0.006005970337433708
29986.586671921512
148651297140.34036
0.0060103677479206915
29997.482008187075
148596910942.29074
0.00601472845311357
30008.278537338163
148543037852.22302
0.006019049840164929
30018.970006758245
148489708512.75043
0.006023329293541242
30029.55017318903
148436953479.98932
0.006027564196912151
30040.012806930157
148384803203.85535
0.006031751935085381
30050.35169610778
148333288008.1245
0.006035889895985882
30060.560651009073
148282438070.27127
0.006039975472677525
30070.633508479
148232283401.10046
0.006044006065425916
30080.56413637629
148182853824.18457
0.006047979083800066
30090.346438084805
148134178955.1262
0.006051891948811315
30099.974357076353
148086288180.65958
0.006055742095087192
30109.441881521117
148039210637.60764
0.006059526973077975
30118.74304894126
147992975191.71454
0.006063244051293544
30127.871950903223
147947610416.3707
0.0060668908185680685
30136.822737744442
147903144571.24805
0.006070464786349722
30145.58962332911
147859605580.86774
0.006073963491012728
30154.16688982853
147817021013.11795
0.006077384496188797
30162.548892520415
147775418057.74316
0.00608072539511481
30170.730064602245
147734823504.8271
0.006083983812993717
30178.704922012737
147695263723.28876
0.006087157409365307
30186.468068256214
147656764639.41528
0.0060902438804833325
30194.01419922367
147619351715.4543
0.006093240961695735
30201.338108004755
147583049928.28738
0.006096146429824151
30208.434689684957
147547883748.20917
0.0060989581055391545
30215.29894612093
147513877117.83524
0.006101673855727447
30221.92599068897
147481053431.1624
0.006104291595847075
30228.311052998848
147449435512.80704
0.006106809292266961
30234.449483567758
147419045597.44354
0.006109224964586549
30240.33675844717
147389905309.47037
0.006111536687931799
30245.968483796147
147362035642.926
0.006113742595223385
30251.34040039472
147335456941.68082
0.00611584087941295
30256.448388090503
147310188879.9307
0.006117829795683612
30261.288470171938
147286250443.01456
0.006119707663610305
30265.856817661515
147263659908.58444
0.006121472869276174
30270.149753522503
147242434828.1494
0.006123123867340857
30274.163756772377
147222592009.02
0.006124659183056623
30277.895466496615
147204147496.67703
0.006126077414228411
30281.34168575628
147187116557.58957
0.006127377233113821
30284.499385383075
147171513662.50543
0.0061285573882594495
30287.36570765554
147157352470.23654
0.006129616706269337
30289.937969850507
147144645811.9656
0.006130554093502309
30292.21366766312
147133405676.09372
0.006131368537694428
30294.190478490596
147123643193.65192
0.006132059109503023
30295.866264572865
147115368624.30026
0.006132624963969179
30297.239075985606
147108591342.9324
0.00613306534189536
30298.30715347948
147103319826.90842
0.006133379571135146
30299.06893116122
147099561643.93442
0.006133567067792091
30299.523039011085
147097323440.61057
0.006133627337325336
30299.66830523235
147096610931.6598
0.006133559975559038
30299.50375842842
147097428889.86163
0.006133364669593487
30299.028629603225
147099781136.703
0.006133041198615688
30298.242353981466
147103670533.7644
0.006132589434607557
30297.144572644684
147109098974.85312
0.006132009342949913
30295.73513398015
147116067378.90002
0.006131300982920695
30294.014094939663
147124575683.63184
0.006130464508086273
30291.98172210546
147134622840.03003
0.0061295001665846996
30289.638492561087
147146206807.58636
0.006128408301300049
30286.98509456507
147159324550.3663
0.006127189349927229
30284.022428026015
147173972033.88843
0.006125843844926954
30280.751604777462
147190144222.82574
0.006124372413370947
30277.173948652096
147207835079.53464
0.006122775776676983
30273.290995354026
147227037563.42056
0.006121054750234711
30269.104492129507
147247743631.13846
0.006119210242922488
30264.616397235815
147269944237.63477
0.0061172432565162445
30259.82887920884
147293629338.03006
0.00611515488499128
30254.744315930227
147318787890.34512
0.006112946313718489
30249.365293495128
147345407859.0661
0.006110618818556442
30243.694604882214
147373476219.5495
0.006108173764841034
30237.73524842747
147402978963.2625
0.006105612606274776
30231.490426104174
147433901103.85403
0.006102936883717794
30224.96354161147
147466226684.0519
0.006100148223883008
30218.158198274188
147499938783.37793
0.006097248337937984
30211.078196757222
147535019526.67465
0.0060942390200161714
30203.72753259756
147571450093.4344
0.006091122145640611
30196.110393557945
147609210727.9198
0.006087899670063052
30188.23115680589
147648280750.06586
0.0060845736265216855
30180.094385922304
147688638567.15195
0.006081146124421084
30171.704827744114
147730261686.22903
0.006077619347437607
30163.06740904588
147773126727.29074
0.006073995551554126
30154.187233064786
147817209437.17084
0.006070277063027614
30145.06957587449
147862484704.15442
0.006066466276293575
30135.719882613044
147908926573.28397
0.006062565651811168
30126.143763570413
147956508262.34482
0.006058577713852996
30116.34699014101
148005202178.51123
0.006054505048243669
30106.33549064728
148054979935.63483
0.006050350300051173
30096.11534604
148105812372.1562
0.006046116171235146
30085.6927854816
148157669569.62024
0.006041805418256288
30075.074181818352
148210520871.77454
0.006037420849650912
30064.266046947607
148264334904.23013
0.006032965323574972
30053.275027086565
148319079594.66367
0.006028441745321493
30042.107897948594
148374722193.53888
0.006023853064815634
30030.77155983363
148431229295.326
0.006019202274091381
30019.273032638917
148488566860.1966
0.006014492404753906
30007.61945079619
148546700236.17166
0.006009726525431489
29995.81805814213
148605594181.69983
0.006004907739220999
29983.876202727788
148665212888.64288
0.006000039181130514
29971.801331573588
148725520005.647
0.0059951240155230595
29959.600985376022
148786478661.87418
0.005990165433564796
29947.282793171984
148848051491.07437
0.005985166650681437
29934.85446696695
148910200655.9713
0.005980130904025975
29922.323796332716
148972887872.94324
0.005975061449961294
29909.698642980788
149036074436.97327
0.0059699615615605725
29896.986935316552
149099721246.8469
0.005964834526128685
29884.19666298071
149163788830.57526
0.005959683642747229
29871.33587138228
149228237371.02258
0.00595451221984623
29858.412656229342
149293026731.71286
0.005949323572804677
29845.43515806201
149358116482.79974
0.005944121021582918
29832.41155679304
149423465927.17072
0.005938907888388615
29819.350066260416
149489034126.67236
0.005933687495378736
29806.258928796895
149554779928.43158
0.005928463162399373
29793.146409820623
149620661991.25528
0.005923238204765567
29780.020792451178
149686638812.08426
0.005918015931082219
29766.890372155023
149752668752.49014
0.005912799641108171
29753.763451424267
149818710065.18805
0.005907592623664408
29740.64833449234
149884720920.55377
0.005902398154587838
29727.55332208997
149950659433.12283
0.005897219494731509
29714.4867062447
150016483688.0577
0.005892059888012384
29701.456765127212
150082151767.5634
0.005886922559507074
29688.471757946936
150147621777.2394
0.005881810713596503
29675.539919899864
150212851872.34872
0.005876727532159732
29662.669457170916
150277800283.99026
0.005871676172817267
29649.868541993095
150342425345.16208
0.005866659767224192
29637.145307765626
150406685516.6979
0.00586168141941295
29624.50784423262
150470539413.06784
0.005856744204185914
29611.96419272433
150533945828.02643
0.005851851165557263
29599.522341462412
150596863760.1009
0.00584700531524425
29587.190220930042
150659252437.90155
0.005842209631206955
29574.975699308918
150721071345.2502
0.005837467056236359
29562.886577983347
150782280246.11057
0.0058327804965898206
29550.9305871124
150842839209.31424
0.005828152820673434
29539.115381271316
150902708633.07056
0.00582358685777023
29527.448535161784
150961849269.25287
0.005819085396813385
29515.937539392275
151020222247.45197
0.005814651185203402
29504.589796328062
151077789098.7893
0.005810286927668195
29493.41261601141
151134511779.48178
0.005805995285164904
29482.413212151612
151190352694.1514
0.005801778873822116
29471.598698185
151245274718.87387
0.005797640263921404
29460.976083404294
151299241223.9585
0.005793581978916636
29450.55226915732
151352216096.45462
0.00578960649448976
29440.33404511424
151404163762.37888
0.00578571623764165
29430.32808560308
151455049208.65787
0.005781913585816412
29420.540946012617
151504838004.7819
0.005778200866057752
29410.97905926225
151553496324.16565
0.005774580354195831
29401.648732337617
151600990965.20996
0.005771054274062997
29392.55614289151
151647289372.06284
0.005767624796736875
29383.70733590906
151692359655.07498
0.005764294039809163
29375.108220436206
151736170610.9457
0.005761064066678543
29366.76456637048
151778691742.55765
0.005757936885866083
29358.68200131319
151819893278.49594
0.0057549144503515675
29350.866007481764
151859746192.24817
0.005751998656929029
29343.321918681606
151898222221.08508
0.005749191345580048
29336.054917335954
151935293884.6153
0.005746494298863064
29329.070031572974
151970934503.0148
0.005743909241317263
29322.37213236904
152005118214.92657
0.0057414378388793985
29315.96593074704
152037819995.0283
0.005739081698312089
29309.855975028804
152069015671.26544
0.0057368423666420846
29304.046648140582
152098681941.74667
0.005734721330606929
29298.542164970768
152126796391.30038
0.0057327200161089555
29293.346569778965
152153337507.6854
0.0057308397876746275
29288.46373365529
152178284697.45975
0.005729081947918585
29283.8973520295
152201618301.49628
0.005727447737010473
29279.65094222883
152223319610.14975
0.005725938332143842
29275.72784108421
152243370878.06516
0.005724554847005572
29272.131202584045
152261755338.6286
0.005723298331244841
29268.863995575124
152278457218.05466
0.005722169769940667
29265.929001510336
152293461749.1058
0.005721170083066747
29263.328812242555
152306755184.44177
0.0057203001249530915
29261.065827864946
152318324809.59036
0.00571956068374314
29259.14225459701
152328158955.5395
0.005718952480845881
29257.5601027168
152336247010.9419
0.005718476170382253
29256.32118453919
152342579433.92712
0.005718132338625025
29255.42711244052
152347147763.51642
0.00571792150343181
29254.87929692979
152349944630.63333
0.005717844113670676
29254.67894476706
152350963768.70273
0.005717900548638011
29254.827057129478
152350200023.83176
0.005718091117468385
29255.324427826075
152347649364.5653
0.005718416058536202
29256.171641561683
152343308891.20767
0.005718875538849177
29257.369072251426
152337176844.70123
0.005719469653433565
29258.916881386747
152329252615.05484
0.005720198424711313
29260.815016454646
152319536749.3114
0.005721061801869479
29263.06320941118
152308030959.04425
0.005722059660222075
29265.660975211358
152294738127.37433
0.00572319180056509
29268.607610396975
152279662315.49362
0.005724457948525078
29271.902191744615
152262808768.6869
0.005725857753901993
29275.543574975865
152244183921.8392
0.005727390790007494
29279.53039353237
152223795404.41312
0.005729056552999062
29283.86105741779
152201652044.88965
0.005730854461211623
29288.533752110106
152177763874.6529
0.005732783854487605
29293.546437546513
152152142131.30774
0.0057348439935067394
29298.89684718453
152124799261.41672
0.005737034059117359
29304.582487142274
152095748922.63892
0.005739353151670568
29310.600635421597
152065005985.25757
0.005741800290359231
29316.948341217663
152032586533.07913
0.005744374412563622
29323.62242431873
151998507863.68863
0.005747074373205844
29330.61947460047
151962788488.04355
0.005749898944115147
29337.935851618688
151925448129.39023
0.005752846813406612
29345.56768430512
151886507721.48352
0.00575591658487563
29353.510870770715
151845989406.09372
0.00575910677741078
29361.761078221247
151803916529.781
0.005762415824428049
29370.313742990264
151760313639.9191
0.005765842073329169
29379.164070694147
151715206479.94946
0.005769383784987278
29388.307036514972
151668621983.84662
0.005773039133263062
29397.737385616307
151620588269.77487
0.005776806204554766
29407.449633697554
151571134632.91785
0.005780682997385701
29417.438067692437
151520291537.45883
0.0057846674220326305
29427.696746617694
151468090607.69522
0.0057887573001992095
29438.219502577693
151414564618.26324
0.005792950364737989
29448.999941931244
151359747483.45718
0.005797244259425351
29460.03144662642
151303674245.61914
0.005801636538793368
29471.30717570986
151246381062.58255
0.005806124668022864
29482.82006701695
151187905194.14865
0.005810706022902163
29494.56283904903
151128284987.5759
0.005815377889855921
29506.527993043856
151067559862.06406
0.005820137466048598
29518.707815246344
151005770292.21472
0.005824981859567375
29531.09437938531
150942957790.44757
0.00582990808968895
29543.679549363078
150879164888.35858
0.0058349130872353315
29556.454982163923
150814435116.9985
0.0058399936950231926
29569.412130988145
150748812986.05896
0.005845146668411804
29582.54224861743
150682343961.94778
0.005850368675954329
29595.836391017918
150615074444.74023
0.005855656300157357
29609.285421186938
150547051743.99277
0.0058610060383536555
29622.880013249025
150478324053.40356
0.0058664143036928195
29636.610656806995
150408940424.31204
0.005871877426254709
29650.46766155326
150338950738.02402
0.005877391654290319
29664.441162146675
150268405676.95505
0.005882953155594716
29678.52112335998
150197356694.58344
0.005888558019016591
29692.697345501678
150125855984.20752
0.005894202256108739
29706.959470117185
150053956446.50204
0.005899881802923777
29721.296985972902
149981711655.8711
0.005905592521958902
29735.699235326443
149909175825.59842
0.005911330204253826
29750.155420486008
149836403771.79382
0.005917090571645272
29764.654610661484
149763450876.14014
0.005922869279181349
29779.185749109103
149690373047.44705
0.005928661917699067
29793.737660571016
149617226682.0168
0.005934464016567318
29808.299059010613
149544068622.83643
0.0059402710465982465
29822.85855564389
149470956117.60306
0.005946078423128488
29837.404667265942
149397946775.60373
0.005951881509272368
29851.925824872047
149325098523.46213
0.005957675619347895
29866.410382570815
149252469559.7768
0.0059634560224765655
29880.846626787086
149180118308.67102
0.005969217946357073
29895.222785750964
149108103372.28394
0.005974956581212892
29909.527039268745
149036483482.22778
0.005980667083912649
29923.74752877069
148965317450.04932
0.005986344582262401
29937.87236762957
148894664116.72464
0.005991984179467651
29951.88965174297
148824582301.22903
0.005997580958762683
29965.78747037186
148755130748.22443
0.006003129988204112
29979.553917226352
148686368074.907
0.006008626325625013
29993.17710178918
148618352717.06375
0.00601406502374517
30006.645160866192
148551142874.38956
0.006019441135432427
30019.94627035207
148484796455.1186
0.006024749719109438
30033.06865719909
148419371020.02832
0.006029985844299409
30046.000611574833
148354923725.87646
0.0060351445973038185
30058.730499194622
148291511268.33432
0.0060402210870042095
30071.246773813204
148229189824.48514
0.006045210450779771
30083.53798985899
148168014994.95483
0.006050107860531433
30095.592815193693
148108041745.75076
0.0060549085288027745
30107.400043978716
148049324349.88162
0.006059607714987146
30118.948609629537
147991916328.8394
0.006064200731610003
30130.227597837584
147935870394.02194
0.0060686829506746455
30141.226259638966
147881238388.1817
0.006073049810059008
30151.934024508184
147828071226.98483
0.00607729681995059
30162.340513454692
147776418840.76932
0.0060814195693060305
30172.435552098814
147726330116.59244
0.0060854137323214045
30182.209183703573
147677852840.6574
0.006089275074898723
30191.651682138054
147631033641.21478
0.006092999461093779
30200.753564747356
147585917932.03094
0.006096582859530187
30209.505605104023
147542549856.52017
0.00610002134976382
30217.898845615196
147500972232.63803
0.006103311128582095
30225.92460995964
147461226498.6301
0.0061064485162217325
30233.57451532868
147423352659.73694
0.006109429962489049
30240.84048444447
147387389235.95032
0.006112252052766295
30247.714757329642
147353373210.91898
0.006114911513887737
30254.189902801925
147321339982.101
0.006117405219869343
30260.258829667666
147291323312.25845
0.006119730197475633
30265.91479758867
147263355282.38916
0.006121883631607983
30271.151427596662
147237466246.19025
0.006123862870498483
30275.962712230197
147213684786.14328
0.006125665430693866
30280.343025269984
147192037671.31448
0.006127289001814799
30284.287131048157
147172549816.95413
0.006128731451075623
30287.790193308705
147155244245.9827
0.006129990827550777
30290.84778359671
147140142052.44608
0.006131065366174518
30293.455889154746
147127262367.01672
0.006131953491460971
30295.610920306062
147116622324.6212
0.006132653820932864
30297.30971730537
147108237034.2613
0.00613316516824751
30298.549556638765
147102119551.10074
0.006133486546009746
30299.32815675614
147098280850.88046
0.006133617168262591
30299.64368322007
147096729806.72128
