9.272601896180195
7796.988684856806
6556199.999868303
9.272601898751057
7796.988685946973
6556199.998951615
9.272601905740656
7796.98868890113
6556199.996467574
9.272601919362094
7796.988694649717
6556199.991633794
9.272601941828425
7796.988704123183
6556199.983667905
9.272601975352707
7796.988718251955
6556199.971787535
9.27260202214794
7796.9887379664615
6556199.955210329
9.272602084427142
7796.988764197128
6556199.933153935
9.272602164403242
7796.988797874331
6556199.904836021
9.272602264289098
7796.988839928429
6556199.86947429
9.272602386297454
7796.98889128972
6556199.826286481
9.272602532640922
7796.988952888456
6556199.774490379
9.272602705531822
7796.989025654787
6556199.713303874
9.272602907182288
7796.989110518729
6556199.641944923
9.272603139804078
7796.989208410176
6556199.559631618
9.27260340560846
7796.98932025884
6556199.465582218
9.272603706806226
7796.989446994194
6556199.3590151565
9.2726040456075
7796.989589545434
6556199.239149103
9.272604424221617
7796.989748841443
6556199.1052030055
9.272604844856987
7796.989925810699
6556198.956396141
9.272605309720984
7796.990121381227
6556198.791948153
9.27260582101964
7796.990336480534
6556198.611079161
9.272606380957557
7796.990572035485
6556198.413009789
9.272606991737664
7796.99082897224
6556198.196961257
9.272607655560888
7796.991108216165
6556197.962155488
9.27260837462606
7796.991410691682
6556197.707815159
9.272609151129483
7796.99173732218
6556197.433163829
9.272609987264694
7796.9920890298845
6556197.137426047
9.272610885222102
7796.992466735695
6556196.819827462
9.272611847188642
7796.9928713590625
6556196.479594959
9.272612875347408
7796.993303817801
6556196.115956778
9.272613971877178
7796.993765027926
6556195.72814269
9.272615138952055
7796.9942559034835
6556195.31538412
9.272616378740977
7796.994777356334
6556194.876914326
9.272617693407186
7796.995330295934
6556194.411968576
9.272619085107634
7796.995915629136
6556193.919784365
9.272620555992583
7796.996534259951
6556193.39960156
9.272622108204946
7796.997187089269
6556192.85066263
9.27262374387955
7796.997875014634
6556192.272212899
9.272625465142605
7796.998598929918
6556191.663500748
9.272627274110972
7796.999359725083
6556191.023777864
9.272629172891397
7797.000158285833
6556190.352299513
9.272631163579764
7797.00099549329
6556189.648324807
9.27263324826026
7797.00187222368
6556188.911116998
9.2726354290046
7797.002789347962
6556188.139943746
9.27263770787105
7797.003747731434
6556187.334077477
9.272640086903557
7797.004748233384
6556186.492795685
9.272642568130749
7797.0057917066515
6556185.615381278
9.272645153564971
7797.006878997212
6556184.701122929
9.272647845201176
7797.008010943749
6556183.749315466
9.272650645015892
7797.00918837718
6556182.759260235
9.272653554966027
7797.010412120161
6556181.730265525
9.272656576987739
7797.011682986638
6556180.661646969
9.272659712995162
7797.01300178129
6556179.552727984
9.272662964879181
7797.014369299009
6556178.402840225
9.272666334506077
7797.015786324338
6556177.211324043
9.27266982371621
7797.017253630923
6556175.977528958
9.272673434322584
7797.018771980879
6556174.700814179
9.272677168109324
7797.0203421242295
6556173.380549121
9.272681026830332
7797.021964798237
6556172.016113895
9.272685012207598
7797.023640726743
6556170.606899903
9.272689125929631
7797.025370619529
6556169.152310394
9.27269336964985
7797.027155171606
6556167.65176102
9.272697744984844
7797.028995062494
6556166.10468047
9.27270225351266
7797.030890955505
6556164.510511066
9.272706896770988
7797.032843496976
6556162.868709408
9.272711676255343
7797.034853315491
6556161.178747005
9.27271659341711
7797.036921021106
6556159.440110989
9.272721649661674
7797.039047204511
6556157.652304755
9.272726846346423
7797.041232436206
6556155.814848678
9.272732184778688
7797.043477265638
6556153.92728084
9.272737666213635
7797.045782220332
6556151.989157771
9.272743291852166
7797.048147804975
6556150.000055199
9.272749062838756
7797.050574500522
6556147.959568803
9.272754980259183
7797.0530627632525
6556145.8673150325
9.272761045138212
7797.055613023797
6556143.722931907
9.272767258437417
7797.058225686184
6556141.526079803
9.272773621052695
7797.060901126832
6556139.276442323
9.272780133811867
7797.063639693545
6556136.973727145
9.27278679747227
7797.066441704464
6556134.617666877
9.272793612718214
7797.069307447033
6556132.20801995
9.272800580158473
7797.072237176924
6556129.744571518
9.272807700323703
7797.07523111696
6556127.22713435
9.272814973663783
7797.0782894560025
6556124.655549791
9.27282240054522
7797.081412347849
6556122.029688667
9.272829981248409
7797.084599910095
6556119.349452255
9.272837715964963
7797.087852222968
6556116.6147732325
9.272845604794869
7797.091169328203
6556113.825616675
9.272853647743764
7797.094551227858
6556110.981981025
9.272861844720113
7797.097997883093
6556108.083899086
9.272870195532303
7797.101509213027
6556105.13143905
9.27287869988582
7797.105085093495
6556102.124705496
9.272887357380338
7797.108725355836
6556099.063840423
9.272896167506794
7797.112429785677
6556095.949024273
9.272905129644512
7797.116198121681
6556092.78047696
9.27291424305812
7797.12003005433
6556089.55845895
9.272923506894719
7797.123925224667
6556086.283272264
9.272932920180846
7797.127883223033
6556082.9552615555
9.272942481819534
7797.131903587843
6556079.574815144
9.2729521905873
7797.135985804323
6556076.142366085
9.272962045131125
7797.14012930325
6556072.658393228
9.272972043965579
7797.144333459691
6556069.123422244
9.272982185469745
7797.148597591774
6556065.538026699
9.272992467884363
7797.152920959445
6556061.902829076
9.273002889308746
7797.157302763209
6556058.21850186
9.273013447697995
7797.16174214293
6556054.4857685175
9.27302414086003
7797.166238176581
6556050.705404548
9.273034966452744
7797.170789879065
6556046.878238494
9.273045921981122
7797.175396200984
6556043.005152952
9.273057004794463
7797.180056027503
6556039.087085554
9.273068212083592
7797.184768177175
6556035.125029966
9.273079540878195
7797.18953140079
6556031.120036803
9.273090988044167
7797.194344380258
6556027.073214593
9.27310255028091
7797.199205727533
6556022.985730712
9.27311422411889
7797.20411398353
6556018.858812254
9.27312600591715
7797.209067617083
6556014.693746918
9.273137891860857
7797.214065023953
6556010.491883851
9.273149877959089
7797.219104525861
6556006.254634452
9.273161960042517
7797.224184369524
6556001.98347318
9.273174133761284
7797.229302725794
6555997.679938302
9.273186394583039
7797.234457688778
6555993.345632597
9.273198737790937
7797.239647275042
6555988.9822240425
9.273211158481912
7797.244869422845
6555984.591446447
9.273223651564834
7797.250121991436
6555980.175100078
9.273236211759107
7797.255402760395
6555975.735052174
9.273248833593184
7797.260709429016
6555971.2732374575
9.273261511403225
7797.266039615786
6555966.791658617
9.273274239332025
7797.27139085791
6555962.292386673
9.273287011328012
7797.276760610875
6555957.777561343
9.273299821144436
7797.282146248151
6555953.24939132
9.273312662338698
7797.287545060869
6555948.710154508
9.273325528271926
7797.292954257663
6555944.162198176
9.273338412108656
7797.298370964541
6555939.60793906
9.273351306816789
7797.303792224862
6555935.04986339
9.273364205167695
7797.30921499937
6555930.49052684
9.273377099736555
7797.314636166352
6555925.932554414
9.273389982902913
7797.320052521881
6555921.378640245
9.273402846851475
7797.325460780109
6555916.83154731
9.273415683573106
7797.33085757375
6555912.29410708
9.273428484866107
7797.336239454578
6555907.769219074
9.273441242337752
7797.34160289408
6555903.259850297
9.273453947406082
7797.346944284186
6555898.769034619
9.27346659130189
7797.352259938173
6555894.299872069
9.273479165071127
7797.357546091596
6555889.855527979
9.273491659577466
7797.362798903432
6555885.439232082
9.27350406550524
7797.368014457276
6555881.054277474
9.273516373362629
7797.373188762697
6555876.704019477
9.273528573485219
7797.378317756747
6555872.391874391
9.273540656039847
7797.38339730552
6555868.121318127
9.27355261102867
7797.3884232059645
6555863.895884772
9.2735644282938
7797.393391187738
6555859.71916495
9.273576097522065
7797.398296915251
6555855.594804132
9.273587608250201
7797.403135989849
6555851.526500809
9.27359894987038
7797.40790395212
6555847.518004534
9.273610111636211
7797.412596284433
6555843.573113799
9.27362108266885
7797.417208413513
6555839.695673876
9.273631851963756
7797.421735713265
6555835.889574431
9.273642408397661
7797.426173507697
6555832.158747061
9.273652740736022
7797.430517074071
6555828.507162653
9.273662837640707
7797.434761646158
6555824.938828669
9.273672687678364
7797.4389024176735
6555821.4577862
9.273682279328822
7797.442934545897
6555818.068106982
9.273691600994201
7797.4468531554585
6555814.773890186
9.273700641008286
7797.450653342266
6555811.5792590985
9.273709387646244
7797.454330177648
6555808.488357694
9.273717829134965
7797.45787871262
6555805.505346972
9.273725953663623
7797.461293982396
6555802.634401237
9.273733749394713
7797.464571010978
6555799.879704187
9.273741204475543
7797.467704816003
6555797.245444862
9.27374830705004
7797.470690413716
6555794.735813463
9.273755045271137
7797.473522824151
6555792.354996983
9.273761407313375
7797.4761970764575
6555790.10717475
9.273767381386092
7797.47870821441
6555787.996513769
9.273772955746876
7797.4810513020875
6555786.027163965
9.273778118715507
7797.483221429747
6555784.203253262
9.273782858688325
7797.485213719803
6555782.528882503
9.273787164152914
7797.487023333046
6555781.008120262
9.273791023703197
7797.4886454749885
6555779.644997513
9.273794426054952
7797.490075402371
6555778.443502141
9.27379736006169
7797.491308429834
6555777.407573342
9.27379981473086
7797.492339936725
6555776.541095893
9.273801779240484
7797.493165374094
6555775.847894271
9.273803242956031
7797.493780271797
6555775.331726694
9.273804195447747
7797.494180245774
6555774.996278996
9.273804626508197
7797.49436100541
6555774.845158439
9.273804526170249
7797.494318361081
6555774.881887345
9.273803884725137
7797.494048231805
6555775.109896719
9.273802692741071
7797.493546652995
6555775.532519674
9.273800941081904
7797.492809784328
6555776.152984843
9.273798620926057
7797.491833917729
6555776.9744096715
9.273795723785854
7797.4906154854325
6555777.9997936115
9.273792241526754
7797.489151068144
6555779.232011305
9.273788166387085
7797.48743740326
6555780.673805622
9.273783490997651
7797.485471393169
6555782.32778073
9.273778208401717
7797.483250113597
6555784.196395027
9.27377231207489
7797.4807708220205
6555786.2819541255
9.273765795945241
7797.4780309660855
6555788.586603733
9.27375865441338
7797.475028192057
6555791.112322559
9.27375088237263
7797.471760353295
6555793.8609151915
9.273742475229168
7797.468225518715
6555796.834004973
9.273733428922059
7797.464421981234
6555800.033026922
9.273723739943303
7797.460348266187
6555803.45922064
9.27371340535784
7797.456003139702
6555807.113623262
9.273702422823243
7797.451385617024
6555810.997062468
9.273690790609278
7797.446494970744
6555815.1101495875
9.27367850761743
7797.441330738978
6555819.453272693
9.273665573400026
7797.435892733384
6555824.026589836
9.273651988178987
7797.430181047103
6555828.830022418
9.273637752864445
7797.424196062567
6555833.863248615
9.273622869072849
7797.417938459086
6555839.1256969655
9.273607339144698
7797.411409220339
6555844.616540111
9.273591166161818
7797.40460964163
6555850.334688671
9.273574353964118
7797.397541336937
6555856.278785338
9.273556907165794
7797.390206245728
6555862.447199125
9.273538831171008
7797.3826066395195
6555868.838019834
9.273520132188818
7797.374745128192
6555875.449052771
9.273500817247426
7797.3666246659795
6555882.277813698
9.273480894207704
7797.358248557188
6555889.32152406
9.273460371776006
7797.349620461541
6555896.577106436
9.273439259516042
7797.340744399173
6555904.041180343
9.2734175678599
7797.331624755308
6555911.710058343
9.273395308118094
7797.32226628446
6555919.579742467
9.27337249248864
7797.312674114266
6555927.645921015
9.273349134065114
7797.302853748874
6555935.903965689
9.273325246843594
7797.2928110718885
6555944.348929142
9.273300845728421
7797.282552348753
6555952.975542926
9.273275946536833
7797.272084228763
6555961.778215849
9.273250566002309
7797.261413746422
6555970.751032792
9.273224721776625
7797.250548322347
6555979.887753961
9.273198432430519
7797.239495763548
6555989.181814651
9.273171717453058
7797.228264263173
6555998.626325463
9.273144597249463
7797.216862399607
6556008.214073064
9.273117093137504
7797.20529913492
6556017.937521448
9.273089227342297
7797.193583812746
6556027.788813771
9.273061022989596
7797.181726155438
6556037.759774716
9.27303250409738
7797.169736260538
6556047.841913453
9.273003695565809
7797.157624596575
6556058.026427193
9.272974623165439
7797.1454019981065
6556068.30420533
9.272945313523756
7797.133079660052
6556078.665834213
9.272915794109792
7797.120669131269
6556089.10160256
9.27288609321706
7797.10818230734
6556099.601507499
9.272856239944483
7797.095631422595
6556110.155261292
9.27282626417558
7797.083029041352
6556120.7522987025
9.272796196555678
7797.070388048322
6556131.381785026
9.272766068467119
7797.057721638213
6556142.032624875
9.272735912002542
7797.045043304496
6556152.693471601
9.27270575993624
7797.032366827371
6556163.352737431
9.27267564569346
7797.019706260823
6556173.998604316
9.272645603317638
7797.007075918918
6556184.619035504
9.272615667435693
7796.994490361177
6556195.201787828
9.27258587322133
7796.9819643770925
6556205.7344246665
9.272556256356147
7796.96951296986
6556216.2043296965
9.272526852988884
7796.957151339202
6556226.598721322
9.272497699692508
7796.944894863318
6556236.904667822
9.272468833419419
7796.9327590800885
6556247.10910321
9.272440291454613
7796.920759667298
6556257.19884381
9.272412111366759
7796.908912422149
6556267.16060553
9.272384330957552
7796.897233239889
6556276.981021806
9.272356988208912
7796.885738091652
6556286.646662264
9.272330121228494
7796.874443001516
6556296.144052008
9.272303768193165
7796.863364022737
6556305.459691609
9.272277967290886
7796.852517213289
6556314.580077659
9.272252756660688
7796.841918610641
6556323.491724032
9.272228174331067
7796.831584205803
6556332.181183651
9.27220425815665
7796.821529916731
6556340.635070923
9.272181045753408
7796.811771561035
6556348.84008465
9.2721585744323
7796.802324828081
6556356.7830315055
9.27213688113164
7796.79320525054
6556364.450849986
9.272116002347927
7796.7844281753
6556371.830634858
9.272095974065813
7796.776008733939
6556378.909661972
9.272076831686533
7796.767961812704
6556385.675413566
9.27205860995562
7796.760302022038
6556392.115603854
9.272041342889562
7796.753043665772
6556398.218204982
9.272025063701811
7796.746200709948
6556403.971473208
9.272009804727949
7796.739786751363
6556409.363975392
9.271995597350466
7796.733814985922
6556414.384615601
9.271982471923062
7796.728298176786
6556419.022661909
9.271970457694797
7796.723248622438
6556423.267773233
9.271959582733905
7796.718678124676
6556427.110026297
9.271949873851923
7796.714597956687
6556430.539942462
9.271941356527853
7796.711018831105
6556433.548514588
9.271934054832755
7796.707950868327
6556436.127233689
9.271927991354831
7796.705403564973
6556438.268115454
9.271923187125278
7796.703385762721
6556439.963726477
9.271919661544937
7796.701905617424
6556441.207210205
9.271917432312144
7796.700970568811
6556441.992312456
9.271916515351752
7796.700587310568
6556442.313406538
9.27191692474563
7796.700761761138
6556442.165517825
9.271918672664764
7796.701499035194
6556441.544347764
9.271921769303281
7796.70280341585
6556440.446297216
9.271926222814544
7796.7046783277965
6556438.868489052
9.271932039249302
7796.707126311337
6556436.808790008
9.271939222496627
7796.71014899748
6556434.265831582
9.27194777422715
7796.7137470841635
6556431.239030078
9.271957693839544
7796.717920313667
6556427.728605531
9.271968978409722
7796.7226674513595
6556423.735599649
9.271981622643668
7796.727986265791
6556419.261892473
9.271995618833596
7796.733873510329
6556414.310217859
9.272010956817873
7796.740324906289
6556408.884177622
9.272027623944796
7796.747335127765
6556402.988254317
9.272045605040681
7796.754897788193
6556396.627822491
9.27206488238208
7796.763005428722
6556389.809158474
9.272085435672698
7796.771649508527
6556382.539448494
9.27210724202499
7796.780820397095
6556374.826795156
9.272130275946676
7796.790507368572
6556366.680222154
9.27215450933229
7796.800698598309
6556358.10967722
9.272179911460233
7796.8113811616
6556349.126033114
9.272206448995142
7796.822541034701
6556339.741086734
9.272234085995864
7796.834163098303
6556329.967556243
9.272262783929376
7796.84623114335
6556319.819076088
9.272292501690533
7796.858727879417
6556309.310189968
9.272323195627912
7796.871634945645
6556298.456341626
9.27235481957601
7796.884932924255
6556287.273863416
9.2723873248935
7796.898601356751
6556275.779962705
9.272420660508287
7796.912618762865
6556263.992705888
9.272454772968759
7796.9269626621945
6556251.931000204
9.272489606501928
7796.9416095986535
6556239.614573116
9.272525103078141
7796.956535167729
6556227.063949379
9.27256120248247
7796.9717140465755
6556214.3004257325
9.272597842393008
7796.987120026932
6556201.346043161
9.272634958465895
7797.002726050962
6556188.223556783
9.272672484427133
7797.018504249856
6556174.956403336
9.272710352171192
7797.034425985361
6556161.568666253
9.272748491866457
7797.0504618941
6556148.085038353
9.27278683206724
7797.066581934747
6556134.530782186
9.272825299832425
7797.082755437945
6556120.93168804
9.27286382085086
7797.098951158993
6556107.314029598
9.272902319572879
7797.11513733323
6556093.704517386
9.272940719348332
7797.131281734037
6556080.130249963
9.27297894257067
7797.147351733461
6556066.618662963
9.273016910827003
7797.163314365297
6556053.197476022
9.273054545053908
7797.179136390611
6556039.894637701
9.273091765698839
7797.194784365582
6556026.738268404
9.273128492886727
7797.210224711554
6556013.756601506
9.2731646465917
7797.225423787239
6556000.977922641
9.273200146813563
7797.24034796285
6555988.430507335
9.27323491375855
7797.25496369613
6555976.142557132
9.273268868024319
7797.269237610076
6555964.14213422
9.273301930788682
7797.283136572255
6555952.457094761
9.27333402400164
7797.296627775502
6555941.115021028
9.273365070580276
7797.309678819825
6555930.143152573
9.273394994606361
7797.322257795449
6555919.568316417
9.270305610810798
11759.117190626628
6557053.796170238
9.227949731319455
11747.242482844144
6572202.260982947
9.137004888514182
11721.666821592109
6604945.477983161
9.000091277115542
11682.841403998471
6655107.696282079
8.821232528512736
11631.492733338271
6722346.813086315
8.605547244332918
11568.57847910118
6806170.664176439
8.358882159947818
11495.23266066025
6905958.50041649
8.087433500138724
11412.706121367462
7020985.742618846
7.797397551302732
11322.307961152292
7150450.0553155495
7.494679953603773
11225.352517182002
7293496.9707210325
7.184679408947314
11123.114980298373
7449243.6514246175
6.872148696558967
11016.797168995756
7616799.815324145
6.561126188250721
10907.503625509315
7795285.279834654
6.254925212888733
10796.22719965294
7983843.958273989
5.956166331367492
10683.842680118958
8181654.429835151
5.666837963389621
10571.106774303056
8387937.398846837
5.388372817007835
10458.662740140728
8601960.467978546
5.121730302971734
10347.048142805863
8823040.690822624
4.86747791550268
10236.704463580312
9050545.36135996
4.62586704162853
10127.987566919037
9283891.45914218
4.396900649533026
10021.178295581061
9522544.114121024
4.1803917744558685
9916.492691668722
9766014.394506555
3.976012722459568
9814.09152559588
10013856.661811722
3.7833355370830324
9714.088955761872
10265665.683404626
3.6018646164934784
9616.560243914078
10521073.64638611
3.4310625141914874
9521.54852156884
10779747.177960383
3.2703699732364875
9429.070648388535
11041384.446333714
3.119221183833168
9339.12223039203
11305712.391760912
2.977055153305048
9251.681879587024
11572484.118675351
2.843323960202597
9166.714801239148
11841476.465879
2.7174985457012597
9084.175793702325
12112487.761595365
2.599072584261624
9004.011740842157
12385335.762985917
2.487564876146757
8926.163670220016
12659855.774808178
2.382520618444229
8850.56844247889
12935898.938691692
2.2835118386781565
8777.160129506456
13213330.682580061
2.190137214953973
8705.871131392434
13492029.318882784
2.1020214574504092
8636.633075200423
13771884.779532565
2.018814386416717
8569.377532262957
14052797.476248423
1.940189810140134
8504.036585121406
14334677.274710909
1.865844281238652
8440.543270356506
14617442.571951652
1.795495789893769
8378.831919346041
14901019.466964744
1.7288824372313973
8318.838415383174
15185341.015304275
1.6657611201192768
8260.500382526217
15470346.559201973
1.6059062494625924
8203.75731896064
15755981.12549294
1.5491085170646148
8148.550685474065
16042194.88435998
1.4951737208079994
8094.823957816397
16328942.662586259
1.443921653930138
8042.522650187861
16616183.505637027
1.3951850612151713
7991.594315822143
16903880.283471417
1.3488086627706237
7941.988529569585
17191999.33551459
1.3046482445132674
7893.656856503047
17480510.150700886
1.2625698134117296
7846.552809836794
17769385.0789325
1.2224488148099533
7800.631800842018
18058599.07068767
1.1841694086976116
7755.851082940979
18348129.441862892
1.1476238015336868
7712.169691746641
18637955.661246445
1.112711630114789
7669.548382472648
18928059.158300467
1.079339393970774
7627.949565856247
19218423.149177723
1.0474199328356504
7587.3372435047395
19509032.479122587
1.0168719458589397
7547.676943384891
19799873.479602948
0.9876195493735993
7508.935656018672
20090933.838696312
0.9595918702084075
7471.081771820247
20382202.483410574
0.9327226717157365
7434.085019904604
20673669.472758938
0.906950009872545
7397.916408612986
20965325.900533125
0.882215916998379
7362.548167931096
21257163.80682943
0.8584661108154451
7327.953693919979
21549176.097480573
0.835649726750077
7294.107495234705
21841356.470633935
0.8137190715404992
7260.985141769569
22133699.349795
0.7926293963719455
7228.563215440167
22426199.82272384
0.7723386879062047
7196.819263090069
22718853.585635852
0.7528074757087914
7165.731751492097
23011656.892211746
0.733998654702995
7135.280024400906
23304606.506972123
0.715877321396483
7105.444261603267
23597699.662616607
0.6984106227334624
7076.205439905033
23890934.02096586
0.6815676165239026
7047.545295988539
24184307.637181193
0.6653191424917256
7019.4462910706925
24477818.92696737
0.6496377030665547
6991.891577289981
24771466.636493534
0.6344973531193371
6964.86496574965
25065249.814791568
0.6198735979112195
6938.350896144431
25359167.788414687
0.6057432985881449
6912.334407898796
25653220.138159398
0.5920845846111665
6886.801112746018
25947406.67767281
0.57887677256497
6861.737168679034
26241727.43378285
0.5661002908348658
6837.129255205991
26536182.628405046
0.5537366096861178
6812.964549845687
26830772.66189208
0.5417681763191412
6789.230705800475
27125498.097705334
0.5301783545103074
6765.915830746545
27420359.648297552
0.5189513684810321
6743.0084666842
27715358.162106536
0.5080722506678533
6720.497570793146
28010494.61156815
0.4975267930935783
6698.372497240393
28305770.08206569
0.48730150206456097
6676.622979890882
28601185.761738703
0.47738355594187526
6655.2391158732635
28896742.93208262
0.4677607657549532
6634.211349955881
29192442.9592752
0.4584215384451693
6613.530459689995
29488287.286171958
0.4493548425441458
6593.187541279675
29784277.424917508
0.44055017610734115
6573.1739961400435
30080414.9501243
0.431997536737911
6553.481518107241
30376701.49257403
0.4236873935489942
6534.1020812657825
30673138.733401284
0.41561066092464805
6515.02792836061
30969728.398721743
0.4077586739506668
6496.251559763101
31266472.254670832
0.4001231653966111
6477.765722961743
31563372.102821227
0.39269624413961957
6459.563402550069
31860429.77595032
0.38547037492902925
6441.637810685672
32157647.134130977
0.378438359398595
6423.982377995803
32455026.06112132
0.3715933182402085
6406.590744906225
32752568.46103084
0.3649286744595548
6389.456753371465
33050276.255242147
0.3584381376401169
6372.574438985598
33348151.379569393
0.35211568914746566
6355.93802345407
33646195.78163575
0.34595556821081463
6339.541907407995
33944411.41845361
0.33995225882347774
6323.380663543427
34242800.25419267
0.3341004774081418
6307.449030069144
34541364.25812205
0.32839516119680734
6291.741904447225
34840105.40271376
0.3228314572788733
6276.254337411792
35139025.661895715
0.3174047122741918
6260.981527251838
35438127.00944332
0.3121104625909888
6245.918814345026
35737411.41749968
0.3069444252313944
6231.061675930036
36036880.85521506
0.3019024891099469
6216.405721105528
36336537.28749717
0.2969807068528602
6201.946686044721
36636382.673863955
0.29217528704807255
6187.680429414976
36936418.96739186
0.2874825869181737
6173.602927992367
37236648.11375243
0.28289910539020613
6159.71027246184
37537072.05033128
0.27842147653811944
6145.998663394058
37837692.70542311
0.2740464633752851
6132.4644073903455
38138511.99749762
0.2697709519759972
6119.103913387871
38439531.834531225
0.2655919459062921
6105.913689117302
38740754.11339989
0.26150656094572566
6092.890337705875
39042180.71932863
0.2575120200829544
6080.030554419052
39343813.52539338
0.25360564876907316
6067.331123534185
39645654.3920726
0.2497848704137424
6054.788915340209
39947705.166843235
0.24604720211005537
6042.400883257417
40249967.68381963
0.24239025057503405
6030.164061071924
40552443.76343153
0.23881170829346673
6018.075560279508
40855135.212137975
0.2353093498535692
6006.132567533872
41158043.822175264
0.23188102846367928
5994.332342194671
41461171.37133654
0.22852467263988796
5982.672213970752
41764519.62277961
0.2252382830551015
5971.149580654382
42068090.324862584
0.22201992954064914
5959.761905942469
42371885.211003885
0.21886774823207264
5948.506717340886
42675905.9995659
0.21577993885125926
5937.381604148239
42980154.39375957
0.21275476211753844
5926.384215515664
43284632.08156952
0.20979053728082414
5915.512258579336
43589340.7356971
0.20688563977028254
5904.763496662483
43894282.01352054
0.20403849895240053
5894.135747544051
44199457.55707104
0.20124759599269046
5883.626881791014
44504868.993023366
0.19851146181560256
5873.234821151816
44810517.93269991
0.1958286751575385
5862.957537008152
45116405.97208709
0.19319786070814807
5852.793048882832
45422534.69186329
0.19061768733537438
5842.739423001239
45728905.65743722
0.18808686638996744
5832.794770904246
46035520.41899638
0.18560415008543937
5822.957248110434
46342380.51156378
0.18316832994964594
5813.225052825562
46649487.455063574
0.18077823534441112
5803.596424697409
46956842.75439375
0.1784327320498007
5794.069643614109
47264447.899505794
0.17613072090984025
5784.643028544213
47572304.365490906
0.17387113653665778
5775.314936416844
47880413.61267146
0.17165294607018644
5766.083761040293
48188777.086698115
0.16947514799072488
5756.947932057543
48497396.2186516
0.1673367709818021
5747.905913937289
48806272.4251486
0.16523687284092411
5738.956204999035
49115407.10845177
0.16317453943591703
5730.097336470868
49424801.65658299
0.16114888370469727
5721.327871578812
49734457.44343991
0.15915904469641803
5712.646404666322
50044375.82891526
0.1572041866520486
5704.05156034294
50354558.159018725
0.1552834981225459
5695.541992660873
50665005.766000725
0.1533961911228694
5687.11638431849
50975719.96847856
0.1515415003201898
5678.773445889708
51286702.0715636
0.14971868225471407
5670.511915078273
51597953.36699069
0.1479270145916471
5662.3305559960245
51909475.133247845
0.14616579540286662
5654.228158464222
52221268.63570781
0.1444343424769784
5646.203537337115
52533335.12675982
0.1427319926564726
5638.255531846876
52845675.845942214
0.14105810120077206
5630.3830049691915
53158292.02007567
0.13941204117402464
5622.584842808662
53471184.86339658
0.1377932028565457
5614.859954003373
53784355.57769055
0.13620099317887244
5607.207269147915
54097805.35242612
0.13463483517744146
5599.625740234143
54411535.36488827
0.13309416747095149
5592.114340109128
54725546.780311905
0.13157844375651587
5584.672061949576
55039840.752014965
0.13008713232475752
5577.2979187522615
55354418.421531014
0.1286197155930305
5569.990942839787
55669280.918741696
0.12717568965600454
5562.750185381216
55984429.36200827
0.1257545638528713
5555.574715927015
56299864.85830293
0.1243558603504786
5548.463621957813
56615588.50333897
0.12297911374172134
5541.416008446526
56931601.38170066
0.12162387065855707
5534.430997433351
57247904.566971846
0.12028968939903674
5527.5077276132115
57564499.12186428
0.11897613956777783
5520.645353935216
57881386.09834442
0.11768280172932387
5513.843047213728
58198566.53775958
0.11640926707386628
5507.09999375068
58516041.47096338
0.11515513709482941
5500.4153949686915
58833811.91843944
0.11392002327783433
5493.788467054688
59151878.89042478
0.11270354680059039
5487.218440613665
59470243.38703137
0.11150533824326979
5480.704560332197
59788906.39836762
0.1103250373089576
5474.24608465148
60107868.90465753
0.10916229255376986
5467.842285449497
60427131.876359574
0.10801676112626424
5461.49244773205
60746696.27428396
0.10688810851577608
5455.195869332379
61066563.04970899
0.10577600830933373
5448.951860619044
61386733.14449598
0.1046801419568192
5442.759744211879
61707207.491202936
0.10360019854405451
5436.618854705708
62027987.01319747
0.10253587457351099
5430.528538401543
62349072.62476801
0.1014868737523499
5424.4881530451075
62670465.23123377
0.10045290678751308
5418.4970675724035
62992165.72905378
0.09943369118759762
5412.554661862116
63314175.0059347
0.09842895107126036
5406.660326494608
63636493.940936975
0.09743841698190438
5400.8134625173625
63959123.404580064
0.09646182570841415
5395.013481216603
64282064.25894653
0.09549892011171437
5389.259803894964
64605317.35778469
0.09454944895693729
5383.551861654968
64928883.54660995
0.09361316675099064
5377.889095188175
65252763.66280516
0.09268983358532955
5372.270954569813
65576958.53571957
0.0917792149837411
5366.69689905872
65901468.98676672
0.09088108175496104
5361.166396902444
66226295.82952087
0.0899952098499461
5355.67892514734
66551439.86981252
0.0891213802236354
5350.2339694535285
66876901.90582256
0.08825937870104039
5344.83102391453
67202682.72817504
0.08740899584750679
5339.469590881517
67528783.12002935
0.08657002684300322
5334.149180791942
67855203.85717046
0.08574227136029187
5328.869312002497
68181945.70809866
0.0849255334468454
5323.6295106262405
68509009.43411769
0.08411962141037876
5318.429310373773
68836395.78942204
0.0833243477078697
5313.268252398342
69164105.52118282
0.08253952883794682
5308.145885144791
69492139.36963277
0.08176498523652816
5303.061764202179
69820498.06815004
0.08100054117559909
5298.015452160047
70149182.34334089
0.08024602466502216
5293.006518468144
70478192.91512111
0.07950126735727311
5288.034539299584
70807530.49679679
0.07876610445500694
5283.099097417286
71137195.7951436
0.0780403746213554
5278.199782043646
71467189.51048525
0.07732391989286554
5273.33618873331
71797512.33677074
0.07661658559498946
5268.507919248983
72128164.9616508
0.07591822026004116
5263.714581440211
72459148.066553
0.07522867554753696
5258.955789124983
72790462.32675628
0.07454780616684241
5254.231161974165
73122108.41146407
0.07387546980204751
5249.540325398623
73454086.98387651
0.07321152703899854
5244.8829104389815
73786398.70126194
0.07255584129441447
5240.2585536579445
74119044.21502721
0.07190827874702233
5235.666897035128
74452024.170787
0.07126870827064274
5231.107587864294
74785339.20843242
0.07063700136916533
5226.580278652972
75118989.96219857
0.07001303211335255
5222.084627024346
75452977.06073092
0.06939667707941134
5217.620295621405
75787301.12715147
0.06878781528927952
5213.186952013261
76121962.77912325
0.06818632815256903
5208.784268603578
76456962.6289144
0.06759209941011621
5204.411922541076
76792301.28346129
0.06700501507908647
5200.069595632018
77127979.34443066
0.06642496339958533
5195.756974254701
77463997.40828125
0.06585183478272925
5191.4737492757795
77800356.06632407
0.06528552176012935
5187.219615968521
78137055.90478233
0.0647259189347449
5182.994273932803
78474097.50485045
0.0641729229330649
5178.797427016905
78811481.44275203
0.06362643235857546
5174.628783241011
79149208.28979722
0.0630863477464742
5170.488054722371
79487278.61243938
0.0625525715195937
5166.37495760209
79825692.97233082
0.062025007945496674
5162.289211973506
80164451.926378
0.0615035630947081
5158.230541812137
80503556.02679555
0.06098814480004878
5154.19867490708
80843005.82116027
0.060478662617038575
5150.193342793933
81182801.85246344
0.05997502778533562
5146.214280689125
81522944.65916349
0.05947715319118214
5142.2612274256335
81863434.77523707
0.05898495333082587
5138.333925390077
82204272.7302301
0.05849834427488854
5134.432120461132
82545459.04930748
0.058017243633653216
5130.55556194924
82886994.25330278
0.05754157052324401
5126.704002537576
83228878.85876678
0.05707124553267083
5122.877198224271
83571113.37801562
0.05660619069171553
5119.074908265793
83913698.31917813
0.05614632943963325
5115.296895121533
84256634.18624286
0.05569158659464681
5111.542924399527
84599921.47910397
0.055241888324210064
5107.812764803291
84943560.69360694
0.05479716211601897
5104.106188079752
85287552.32159348
0.05435733674974827
5100.422968968224
85631896.8509457
0.05392234226949342
5096.762885150443
85976594.76563016
0.053492109956897564
5093.125717201606
86321646.54574072
0.0530665723049438
5089.511248542391
86667052.66754153
0.052645662992395044
5085.919265391952
87012813.60350867
0.052229316858861605
5082.349556721857
87358929.82237177
0.051817469880480235
5078.80191421094
87705401.78915498
0.05141005914618684
5075.276132201044
88052229.9652172
0.051007022834566346
5071.772007653672
88399414.80829221
0.05060830019126402
5068.289340107463
88746956.77252768
0.05021383150694259
5064.827931636512
89094856.30852413
0.04982355809576973
5061.387586809528
89443113.86337322
0.049437422274421904
5057.9681126497635
89791729.88069548
0.04905536734159013
5054.569318595738
90140704.80067763
0.04867733755797342
5051.191016462736
90490039.06010969
0.04830327812674849
5047.833020405026
90839733.09242085
0.04793313517450044
5044.495146878835
91189787.32771538
0.04756685573260333
5041.177214606001
91540202.19280834
0.04720438771903833
5037.879044538358
91890978.1112603
0.0468456799206379
5034.600459822779
92242115.50341178
0.04649068197574401
5031.341285766885
92593614.78641735
0.04613934435726984
5028.101349805417
92945476.37427916
0.04579161835615401
5024.880481467235
93297700.67788029
0.0454474560651974
5021.678512342935
93650288.10501724
0.045106810363271806
5018.495276053079
94003239.0604324
0.044769634899891164
5015.330608217023
94356553.94584577
0.044435884080135594
5012.184346422319
94710233.1599866
0.044105513049919075
5009.056330194699
95064277.09862432
0.0437784776815918
5005.9464009685835
95418686.1545996
0.04345473455986899
5002.854402058175
95773460.71785413
0.04313424096807677
4999.780178629061
96128601.1754608
0.04281695487470799
4996.723577670337
96484107.91165313
0.04250283492027879
4993.684447967248
96839981.30785468
0.04219184040447985
4990.662640074323
97196221.74270754
0.04188393127361341
4987.658006289004
97552829.5921008
0.04157906810830922
4984.670400625745
97909805.22919859
0.04127721211151238
4981.6996787905755
98267149.02446821
0.04097832509673679
4978.745698156135
98624861.34570673
0.0406823694765762
4975.808317737151
98982942.55806854
0.04038930825146742
4972.887398166338
99341393.02409206
0.04009910499869938
4969.982801670749
99700213.10372578
0.03981172386166135
4967.0943920485415
100059403.15435429
0.039527129539324454
4964.222034646154
100418963.53082444
0.039245287275951474
4961.365596335864
100778894.58547011
0.03896616285102797
4958.524945493785
101139196.66813774
0.0386897225694109
4955.699951978198
101499870.12621066
0.03841593325168748
4952.890487108321
101860915.304634
0.038144762224741086
4950.096423643385
102222332.54593834
0.037876177312517585
4947.317635762116
102584122.19026408
0.037610146826988176
4944.553999042574
102946284.57538445
0.037346639559303674
4941.805390442301
103308820.0367291
0.03708562477113515
4939.071688278862
103671728.90740712
0.03682707218619747
4936.352772210673
104035011.51822951
0.03657095198195033
4933.648523218192
104398668.19773184
0.03631723478147298
4930.958823585427
104762699.27219616
0.036065891645508656
4928.283556881728
105127105.06567316
0.0358168940646742
4925.622607943914
105491885.90000345
0.03557021395183142
4922.97586285871
105857042.09483917
0.03532582363461596
4920.343208945457
106222573.967665
0.03508369584812018
4917.724534739127
106588481.83381915
0.03484380372772671
4915.11972997361
106954766.00651366
0.03460612080208847
4912.528685565299
107321426.79685482
0.034370620986252085
4909.95129359693
107688464.51386353
0.03413727857492153
4907.387447301702
108055879.4644949
0.033906068235858594
4904.837041047656
108423671.95365798
0.033676965003416603
4902.299970322314
108791842.28423527
0.03344994427220537
4899.776131717556
109160390.75710145
0.033224981790882804
4897.265422914773
109529317.67114288
0.03300205365607193
4894.76774267024
109898623.32327574
0.032781136306398874
4892.28299080074
110268308.00846514
0.03256220651665048
4889.811068169402
110638372.0197428
0.03234524139204781
4887.351876671805
111008815.64822553
0.032130218362633176
4884.905319222274
111379639.18313302
0.03191711517776866
4882.471299740402
111750842.91180505
0.031705909900742485
4880.049723137811
112122427.11971955
0.031496580903482146
4877.640495305091
112494392.09050937
0.0312891068613706
4875.243523098982
112866738.10597964
0.031083466748164527
4872.8587143297345
113239465.44612409
0.030879639831010917
4870.485977748683
113612574.38914244
0.03067760566556131
4868.125223036013
113986065.21145603
0.030477344091180254
4865.776360788726
114359938.1877247
0.030278835226246567
4863.439302508786
114734193.59086266
0.030082059463545502
4861.1139605914595
115108831.6920541
0.029886997465748914
4858.800248313832
115483852.76076935
0.02969363016098284
4856.498079823512
115859257.06478
0.029501938738479064
4854.207370127505
116235044.87017463
0.029311904644310414
4851.928035081257
116611216.44137348
0.029123509577206396
4849.659991377879
116987772.04114388
0.028936735484448757
4847.403156537528
117364711.93061495
0.028751564557844382
4845.157448896956
117742036.3692922
0.02856797922977434
4842.922787599215
118119745.61507191
0.028385962169316985
4840.699092583536
118497839.92425577
0.02820549627844408
4838.486284575336
118876319.5515648
0.028026564688287885
4836.284285076389
119255184.75015342
0.027849150755478017
4834.09301635517
119634435.77162333
0.027673238058546375
4831.9124014373065
120014072.86603723
0.02749881039439882
4829.742364096188
120394096.28193225
0.027325851774852205
4827.582828843739
120774506.26633357
0.027154346423235366
4825.4337209213
121155303.0647671
0.026984278771052403
4823.29496629066
121536486.92127348
0.0268156334547076
4821.166491625228
121918058.07842025
0.026648395312290123
4819.048224301319
122300016.77731487
0.02648254938041747
4816.940092389577
122682363.25761762
0.026318080891136325
4814.842024646549
123065097.75755394
0.026154975268879912
4812.753950506348
123448220.51392676
0.02599321812748035
4810.675800072444
123831731.762129
0.02583279526723511
4808.60750410961
124215631.73615526
0.025673692672026058
4806.548994035942
124599920.66861437
0.02551589650649077
4804.500201915025
124984598.79074079
0.025359393113244165
4802.4610604481995
125369666.33240646
0.025204169010149963
4800.431502966947
125755123.52213258
0.025050210887640922
4798.411463425384
126140970.58710086
0.024897505606086636
4796.400876392871
126527207.75316495
0.024746040193208082
4794.399677046708
126913835.2448616
0.024595801841537833
4792.407801164965
127300853.28542215
0.02444677790592548
4790.425185119391
127688262.09678283
0.02429895590108644
4788.45176586843
128076061.89959633
0.02415232349919439
4786.487480950357
128464252.91324188
0.024006868527515386
4784.532268476481
128852835.35583663
0.023862578966083743
4782.586067124457
129241809.44424556
0.02371944294541811
4780.648816131706
129631175.39409234
0.023577448744277574
4778.720455288914
130020933.41976929
0.023436584787456496
4776.800924933619
130411083.73444769
0.02329683964361745
4774.890165943909
130801626.55008805
0.023158202023161826
4772.988119732181
131192562.07744974
0.023020660776136848
4771.0947282390025
131583890.52610114
0.02288420489017862
4769.209933927072
131975612.10442929
0.022748823488490416
4767.333679775232
132367727.01964985
0.022614505827855753
4765.465909272585
132760235.47781587
0.022481241296684697
4763.6065664127045
133153137.68382852
0.02234901941309425
4761.755595687889
133546433.84144537
0.022217829823020643
4759.91294208353
133940124.15329
0.022087662298363883
4758.078551072542
134334208.82086143
0.021958506735163554
4756.252368609869
134728688.04454288
0.021830353151805298
4754.434341127063
135123562.02361098
0.021703191687257622
4752.624415526954
135518830.95624435
0.02157701259933791
4750.82253917837
135914495.03953278
0.02145180626300777
4749.028659910948
136310554.4694859
0.02132756316869664
4747.242726009991
136707009.44104144
0.02120427392065329
4745.464686211434
137103860.1480742
0.02108192923532482
4743.694489696834
137501106.7834042
0.020960519939762307
4741.932086088461
137898749.5388053
0.020840036970052985
4740.177425444428
138296788.6050132
0.020720471369778084
4738.430458253917
138695224.17173383
0.02060181428849622
4736.691135432432
139094056.42765144
0.020484056980251533
4734.959408317157
139493285.56043655
0.020367190802106246
4733.235228662335
139892911.75675395
0.020251207212697294
4731.518548634735
140292935.2022705
0.02013609777081622
4729.809320809175
140693356.08166325
0.020021854134012543
4728.107498164099
141094174.5786265
